Image: 911x634
Start: 626x371
End:   745x432
Diff:  119x61

StartR: 0.68715697x0.585173502
EndR:   0.81778265x0.681388013
DiffR:  0.13062568x0.096214511