Image: 911x634
Start: 490x367
Diff:  208x224

StartR: 0.68715697x0.585173502
DiffR:  0.13062568x0.096214511